0,431
0,297
0,296
0,295
0,294
0,293
2,1
2,3
0,292
1,1
1,3
0,291
0,430
0,288
12,1
12,3
15,1
15,3
0,1
0,429
5,1
5,3
19,1
19,3
0,251
0,250
0,249
0,248
0,247
0,59
0,58
0,57
0,56
0,55
0,54
0,53
0,52
0,51
0,50
0,49
0,48
0,47
0,46
0,45
0,6
0,428
0,0
0,379
0,377
0,376
0,375
0,373
0,368
36,3
36,2
0,367
36,1
36,0
0,366
0,365
35,4
35,3
35,2
0,364
35,1
35,0
6,1
6,4
16,1
16,3
9,1
9,3
10,1
10,3
0,357
0,359
0,358
0,354
0,356
0,355
0,351
0,350
0,348
0,347
0,346
0,344
0,343
34,3
34,2
0,342
34,1
34,0
0,341
0,340
33,4
33,3
33,2
0,339
33,1
33,0
0,332
0,334
0,333
0,329
0,331
0,330
0,328
0,327
0,326
0,325
0,324
0,323
0,321
0,320
0,319
0,318
0,317
0,316
0,315
0,314
0,313
0,312
0,311
0,309
0,306
0,427
0,426
0,425
0,424
0,423
32,3
32,2
0,422
32,1
32,0
0,421
0,420
0,304
31,4
31,3
31,2
0,419
31,1
31,0
0,7
0,418
0,417
0,416
0,415
0,414
0,413
0,412
0,411
0,410
0,409
0,408
0,407
0,243
0,406
28,3
27,3
26,3
25,3
0,405
0,404
0,403
0,308
0,307
0,9
0,10
0,402
0,12
0,11
0,310
0,8
0,303
0,401
0,400
0,399
0,398
0,397
0,396
0,395
0,394
0,393
0,392
0,391
0,390
0,389
0,388
0,372
0,387
0,300
0,299
0,298
0,290
0,289
0,287
0,286
0,285
0,284
0,283
0,282
0,281
0,280
0,279
0,278
0,277
0,276
0,275
0,274
0,273
0,272
0,271
0,270
0,269
0,268
0,267
0,266
0,265
0,264
0,263
0,262
0,261
0,260
0,259
0,258
0,257
0,256
0,255
0,254
0,253
0,252
0,246
0,245
0,244
0,242
0,241
0,240
0,239
0,238
0,237
0,236
0,235
0,234
0,233
0,232
0,231
0,230
0,229
